// Data set for mtbmark-quicksort

int size = 128;

int src[] = {
  42, -198, 63, 354, -464, 481, 110, 52, -118, 220, 202,
  114, -46, -498, -438, -418, 286, 288, -156, -7, 294, 30, 311, 377,
  -339, -432, 386, -322, -440, -141, 65, -10, 319, 309, 217, 93, -303,
  388, 371, -96, -72, 461, -186, 124, -407, 111, -392, -27, 357, -453,
  -424, 4, -206, 466, 316, -452, -294, 194, 347, -393, -316, 240, 251,
  -248, 495, 370, -99, 487, -389, -413, 261, 100, 94, -308, 317, -201,
  323, 173, -397, 480, 246, 455, -48, 180, 216, 62, -49, 491, 204, 477,
  -132, 127, 83, 86, -68, -387, 285, 328, 215, 384, 5, -274, 48, 228,
  -490, -360, 132, 283, -157, -273, -195, 75, 20, -456, -59, 109, -487,
  25, 470, 376, 390, 361, -361, 108, -459, 381, 432, -143
};

int ref[] = {
  -498, -490, -487, -464, -459, -456, -453, -452, -440,
  -438, -432, -424, -418, -413, -407, -397, -393, -392, -389, -387,
  -361, -360, -339, -322, -316, -308, -303, -294, -274, -273, -248,
  -206, -201, -198, -195, -186, -157, -156, -143, -141, -132, -118, -99,
  -96, -72, -68, -59, -49, -48, -46, -27, -10, -7, 4, 5, 20, 25, 30, 42,
  48, 52, 62, 63, 65, 75, 83, 86, 93, 94, 100, 108, 109, 110, 111, 114,
  124, 127, 132, 173, 180, 194, 202, 204, 215, 216, 217, 220, 228, 240,
  246, 251, 261, 283, 285, 286, 288, 294, 309, 311, 316, 317, 319, 323,
  328, 347, 354, 357, 361, 370, 371, 376, 377, 381, 384, 386, 388, 390,
  432, 455, 461, 466, 470, 477, 480, 481, 487, 491, 495
};

/*
int size = 317;

int src[] = {1804289383,846930886,1681692777,1714636915,1957747793,424238335,719885386,1649760492,596516649,1189641421,1025202362,1350490027,783368690,1102520059,2044897763,1967513926,1365180540,1540383426,304089172,1303455736,35005211,521595368,294702567,1726956429,336465782,861021530,278722862,233665123,2145174067,468703135,1101513929,1801979802,1315634022,635723058,1369133069,1125898167,1059961393,2089018456,628175011,1656478042,1131176229,1653377373,859484421,1914544919,608413784,756898537,1734575198,1973594324,149798315,2038664370,1129566413,184803526,412776091,1424268980,1911759956,749241873,137806862,42999170,982906996,135497281,511702305,2084420925,1937477084,1827336327,572660336,1159126505,805750846,1632621729,1100661313,1433925857,1141616124,84353895,939819582,2001100545,1998898814,1548233367,610515434,1585990364,1374344043,760313750,1477171087,356426808,945117276,1889947178,1780695788,709393584,491705403,1918502651,752392754,1474612399,2053999932,1264095060,1411549676,1843993368,943947739,1984210012,855636226,1749698586,1469348094,1956297539,1036140795,463480570,2040651434,1975960378,317097467,1892066601,1376710097,927612902,1330573317,603570492,1687926652,660260756,959997301,485560280,402724286,593209441,1194953865,894429689,364228444,1947346619,221558440,270744729,1063958031,1633108117,2114738097,2007905771,1469834481,822890675,1610120709,791698927,631704567,498777856,1255179497,524872353,327254586,1572276965,269455306,1703964683,352406219,1600028624,160051528,2040332871,112805732,1120048829,378409503,515530019,1713258270,1573363368,1409959708,2077486715,1373226340,1631518149,200747796,289700723,1117142618,168002245,150122846,439493451,990892921,1760243555,1231192379,1622597488,111537764,338888228,2147469841,438792350,1911165193,269441500,2142757034,116087764,1869470124,155324914,8936987,1982275856,1275373743,387346491,350322227,841148365,1960709859,1760281936,771151432,1186452551,1244316437,971899228,1476153275,213975407,1139901474,1626276121,653468858,2130794395,1239036029,1884661237,1605908235,1350573793,76065818,1605894428,1789366143,1987231011,1875335928,1784639529,2103318776,1597322404,1939964443,2112255763,1432114613,1067854538,352118606,1782436840,1909002904,165344818,1395235128,532670688,1351797369,492067917,1504569917,680466996,706043324,496987743,159259470,1359512183,480298490,1398295499,1096689772,2086206725,601385644,1172755590,1544617505,243268139,1012502954,1272469786,2027907669,968338082,722308542,1820388464,933110197,6939507,740759355,1285228804,1789376348,502278611,1450573622,1037127828,1034949299,654887343,1529195746,392035568,1335354340,87755422,889023311,1494613810,1447267605,1369321801,745425661,396473730,1308044878,1346811305,1569229320,705178736,1590079444,434248626,1977648522,1470503465,1402586708,552473416,1143408282,188213258,559412924,1884167637,1473442062,201305624,238962600,776532036,1238433452,1273911899,1431419379,620145550,1665947468,619290071,707900973,407487131,2113903881,7684930,1776808933,711845894,404158660,937370163,2058657199,1973387981,1642548899,1501252996,260152959,1472713773,824272813,1662739668,2025187190,1967681095,1850952926,437116466,1704365084,1176911340,638422090,1943327684,1953443376,1876855542,1069755936,1237379107,349517445,588219756,1856669179,1057418418,995706887,1823089412,1065103348,625032172,387451659,1469262009,1562402336};
int ref[] = {6939507,7684930,8936987,35005211,42999170,76065818,84353895,87755422,111537764,112805732,116087764,135497281,137806862,149798315,150122846,155324914,159259470,160051528,165344818,168002245,184803526,188213258,200747796,201305624,213975407,221558440,233665123,238962600,243268139,260152959,269441500,269455306,270744729,278722862,289700723,294702567,304089172,317097467,327254586,336465782,338888228,349517445,350322227,352118606,352406219,356426808,364228444,378409503,387346491,387451659,392035568,396473730,402724286,404158660,407487131,412776091,424238335,434248626,437116466,438792350,439493451,463480570,468703135,480298490,485560280,491705403,492067917,496987743,498777856,502278611,511702305,515530019,521595368,524872353,532670688,552473416,559412924,572660336,588219756,593209441,596516649,601385644,603570492,608413784,610515434,619290071,620145550,625032172,628175011,631704567,635723058,638422090,653468858,654887343,660260756,680466996,705178736,706043324,707900973,709393584,711845894,719885386,722308542,740759355,745425661,749241873,752392754,756898537,760313750,771151432,776532036,783368690,791698927,805750846,822890675,824272813,841148365,846930886,855636226,859484421,861021530,889023311,894429689,927612902,933110197,937370163,939819582,943947739,945117276,959997301,968338082,971899228,982906996,990892921,995706887,1012502954,1025202362,1034949299,1036140795,1037127828,1057418418,1059961393,1063958031,1065103348,1067854538,1069755936,1096689772,1100661313,1101513929,1102520059,1117142618,1120048829,1125898167,1129566413,1131176229,1139901474,1141616124,1143408282,1159126505,1172755590,1176911340,1186452551,1189641421,1194953865,1231192379,1237379107,1238433452,1239036029,1244316437,1255179497,1264095060,1272469786,1273911899,1275373743,1285228804,1303455736,1308044878,1315634022,1330573317,1335354340,1346811305,1350490027,1350573793,1351797369,1359512183,1365180540,1369133069,1369321801,1373226340,1374344043,1376710097,1395235128,1398295499,1402586708,1409959708,1411549676,1424268980,1431419379,1432114613,1433925857,1447267605,1450573622,1469262009,1469348094,1469834481,1470503465,1472713773,1473442062,1474612399,1476153275,1477171087,1494613810,1501252996,1504569917,1529195746,1540383426,1544617505,1548233367,1562402336,1569229320,1572276965,1573363368,1585990364,1590079444,1597322404,1600028624,1605894428,1605908235,1610120709,1622597488,1626276121,1631518149,1632621729,1633108117,1642548899,1649760492,1653377373,1656478042,1662739668,1665947468,1681692777,1687926652,1703964683,1704365084,1713258270,1714636915,1726956429,1734575198,1749698586,1760243555,1760281936,1776808933,1780695788,1782436840,1784639529,1789366143,1789376348,1801979802,1804289383,1820388464,1823089412,1827336327,1843993368,1850952926,1856669179,1869470124,1875335928,1876855542,1884167637,1884661237,1889947178,1892066601,1909002904,1911165193,1911759956,1914544919,1918502651,1937477084,1939964443,1943327684,1947346619,1953443376,1956297539,1957747793,1960709859,1967513926,1967681095,1973387981,1973594324,1975960378,1977648522,1982275856,1984210012,1987231011,1998898814,2001100545,2007905771,2025187190,2027907669,2038664370,2040332871,2040651434,2044897763,2053999932,2058657199,2077486715,2084420925,2086206725,2089018456,2103318776,2112255763,2113903881,2114738097,2130794395,2142757034,2145174067,2147469841};
*/
